number of columns selected:  23
The kernel value between the first and second datapoint is 0.129
[[1.    0.129 0.058 ... 0.02  0.029 0.017]
 [0.129 1.    0.412 ... 0.028 0.067 0.008]
 [0.058 0.412 1.    ... 0.016 0.057 0.018]
 ...
 [0.02  0.028 0.016 ... 1.    0.057 0.003]
 [0.029 0.067 0.057 ... 0.057 1.    0.045]
 [0.017 0.008 0.018 ... 0.003 0.045 1.   ]]
The accuracy of the kernel with random parameters is 0.911
The kernel-target alignment for our dataset and random parameters is 0.264
Step 50 - Alignment = 0.265
Step 100 - Alignment = 0.265
Step 150 - Alignment = 0.266
Step 200 - Alignment = 0.266
Step 250 - Alignment = 0.267
Step 300 - Alignment = 0.267
Step 350 - Alignment = 0.267
Step 400 - Alignment = 0.269
Step 450 - Alignment = 0.269
Step 500 - Alignment = 0.269
The accuracy of a kernel for training sets with trained parameters is 0.899
The accuracy of a kernel for testing sets with trained parameters is 0.800
